   1    1    0.000
   1  109    0.498
   2    2    0.000
   2   15    1.836
   2   33    1.626
   2   40    2.050
   2   53    1.339
   2   64    2.355
   2   73    1.780
   2  110    0.622
   2  151    1.797
   2  183    1.394
   2  190    2.379
   3    3    0.000
   3   16    2.580
   3   54    2.895
   3  111    1.544
   3  152    1.281
   3  184    2.823
   4    4    0.000
   4  112    2.015
   4  153    1.479
   5    5    0.000
   6    6    0.000
   7    7    0.000
   8    8    0.000
   9    9    0.000
   9   94    2.263
  10   10    0.000
  10   95    2.372
  10  133    2.014
  10  146    2.071
  10  178    1.942
  11   11    0.000
  11  134    2.012
  11  147    1.225
  12   12    0.000
  12   37    1.636
  12  148    0.732
  12  187    2.950
  13   13    0.000
  13   38    0.792
  13  149    0.785
  13  188    2.537
  14   14    0.000
  14   39    0.771
  14  150    0.818
  14  189    2.440
  15    2    1.836
  15   15    0.000
  15   40    0.575
  15   53    0.864
  15   64    1.371
  15   73    2.691
  15  110    2.190
  15  151    0.586
  15  183    2.275
  15  190    1.262
  16    3    2.580
  16   16    0.000
  16   41    1.329
  16   54    0.413
  16   65    2.919
  16  152    1.350
  16  191    2.815
  17   17    0.000
  17   42    2.019
  17   55    0.594
  17  153    1.949
  18   18    0.000
  18   45    1.409
  18   56    1.282
  19   19    0.000
  19   46    2.333
  19   57    2.063
  20   20    0.000
  21   21    0.000
  22   22    0.000
  23   23    0.000
  23   97    2.501
  24   24    0.000
  25   25    0.000
  26   26    0.000
  27   27    0.000
  27   28    1.125
  27   29    1.383
  27   30    2.639
  28   27    1.125
  28   28    0.000
  28   29    1.836
  28   30    1.675
  29   27    1.383
  29   28    1.836
  29   29    0.000
  30   27    2.639
  30   28    1.675
  30   30    0.000
  31   31    0.000
  32   32    0.000
  33    2    1.626
  33   33    0.000
  33   53    2.955
  33   73    1.886
  33  110    1.277
  33  183    1.843
  34   34    0.000
  34   74    0.850
  34  111    1.665
  34  184    0.577
  35   35    0.000
  35   75    0.978
  35  112    1.939
  35  185    0.320
  36   36    0.000
  36   49    2.139
  36   60    1.554
  36   76    1.811
  36  186    0.672
  37   12    1.636
  37   37    0.000
  37   61    2.860
  37  148    2.042
  37  187    1.717
  38   13    0.792
  38   38    0.000
  38   62    2.912
  38  149    1.569
  38  188    1.756
  39   14    0.771
  39   39    0.000
  39   63    2.762
  39  150    1.589
  39  189    1.689
  40    2    2.050
  40   15    0.575
  40   40    0.000
  40   53    0.771
  40   64    0.812
  40  110    2.515
  40  151    1.161
  40  183    2.748
  40  190    0.692
  41   16    1.329
  41   41    0.000
  41   54    1.006
  41   65    1.590
  41  152    2.679
  41  191    1.487
  42   17    2.019
  42   42    0.000
  42   55    1.425
  42   66    2.577
  42  192    2.393
  43   43    0.000
  44   44    0.000
  45   18    1.409
  45   45    0.000
  45   56    0.745
  46   19    2.333
  46   46    0.000
  46   57    0.281
  46   66    2.698
  46  192    2.660
  47   47    0.000
  47   58    0.612
  47   67    0.660
  47  193    0.932
  48   48    0.000
  48   59    0.690
  48   68    0.611
  48  194    1.061
  49   36    2.139
  49   49    0.000
  49   60    1.179
  49   69    1.156
  49  113    2.660
  49  186    1.672
  49  195    1.975
  50   50    0.000
  50   61    2.759
  50   70    2.701
  50  180    2.460
  51   51    0.000
  51   62    2.737
  51   71    2.734
  51  181    2.210
  52   52    0.000
  52   63    2.673
  52  182    2.609
  53    2    1.339
  53   15    0.864
  53   33    2.955
  53   40    0.771
  53   53    0.000
  53   64    1.058
  53   73    2.739
  53  110    1.874
  53  151    1.263
  53  183    2.298
  53  190    1.055
  54    3    2.895
  54   16    0.413
  54   41    1.006
  54   54    0.000
  54   65    2.574
  54  152    1.714
  54  191    2.475
  55   17    0.594
  55   42    1.425
  55   55    0.000
  55  153    2.543
  56   18    1.282
  56   45    0.745
  56   56    0.000
  57   19    2.063
  57   46    0.281
  57   57    0.000
  57   66    2.724
  57  192    2.705
  58   47    0.612
  58   58    0.000
  58   67    1.125
  58  193    1.475
  59   48    0.690
  59   59    0.000
  59   68    1.298
  59  194    1.750
  60   36    1.554
  60   49    1.179
  60   60    0.000
  60   69    2.334
  60   76    2.672
  60  186    1.486
  61   37    2.860
  61   50    2.759
  61   61    0.000
  61  187    1.149
  62   38    2.912
  62   51    2.737
  62   62    0.000
  62  188    1.160
  63   39    2.762
  63   52    2.673
  63   63    0.000
  63  189    1.093
  64    2    2.355
  64   15    1.371
  64   40    0.812
  64   53    1.058
  64   64    0.000
  64  110    2.921
  64  151    1.951
  64  190    0.162
  65   16    2.919
  65   41    1.590
  65   54    2.574
  65   65    0.000
  65  191    0.110
  66   42    2.577
  66   46    2.698
  66   57    2.724
  66   66    0.000
  66  192    0.185
  67   47    0.660
  67   58    1.125
  67   67    0.000
  67  193    0.389
  68   48    0.611
  68   59    1.298
  68   68    0.000
  68  194    0.452
  69   49    1.156
  69   60    2.334
  69   69    0.000
  69  113    1.724
  69  186    2.499
  69  195    0.819
  70   50    2.701
  70   70    0.000
  70  114    1.331
  70  167    2.954
  70  180    1.626
  70  196    1.858
  71   51    2.734
  71   71    0.000
  71  115    1.369
  71  181    0.554
  71  197    1.962
  72   72    0.000
  72  116    1.754
  72  182    0.520
  72  198    2.569
  73    2    1.780
  73   15    2.691
  73   33    1.886
  73   53    2.739
  73   73    0.000
  73   80    2.668
  73  110    1.220
  73  117    1.973
  73  125    2.934
  73  138    2.506
  73  151    2.243
  73  183    0.441
  73  199    2.985
  74   34    0.850
  74   74    0.000
  74  111    2.374
  74  184    1.094
  75   35    0.978
  75   75    0.000
  75  112    2.913
  75  185    1.291
  76   36    1.811
  76   60    2.672
  76   76    0.000
  76  186    2.482
  77   77    0.000
  77  135    1.155
  78   78    0.000
  78  136    0.207
  79   79    0.000
  79  137    0.224
  80   73    2.668
  80   80    0.000
  80  101    2.998
  80  117    1.959
  80  125    0.586
  80  138    0.195
  80  183    2.971
  80  199    2.265
  81   81    0.000
  81  118    1.042
  81  126    0.770
  81  139    0.443
  82   82    0.000
  82  119    0.849
  82  127    0.754
  82  140    0.460
  83   83    0.000
  83  120    1.102
  83  128    1.040
  83  141    0.613
  84   84    0.000
  84  121    2.594
  84  129    2.596
  84  142    1.497
  85   85    0.000
  86   86    0.000
  87   87    0.000
  88   88    0.000
  88  146    2.578
  88  165    2.309
  88  178    1.442
  89   89    0.000
  89  166    1.140
  89  179    1.359
  90   90    0.000
  90  114    2.183
  90  167    0.185
  90  196    1.766
  91   91    0.000
  91  115    1.839
  91  168    0.187
  91  197    1.249
  92   92    0.000
  92  116    2.698
  92  169    0.277
  92  198    1.883
  93   93    0.000
  93  101    2.295
  93  170    0.386
  93  199    2.563
  94    9    2.263
  94   94    0.000
  94  171    0.903
  95   10    2.372
  95   95    0.000
  95  133    2.300
  95  146    2.886
  95  172    0.924
  96   96    0.000
  96  134    2.848
  96  173    1.526
  97   23    2.501
  97   97    0.000
  98   98    0.000
  99   99    0.000
 100  100    0.000
 101   80    2.998
 101   93    2.295
 101  101    0.000
 101  117    1.518
 101  170    1.927
 101  199    0.733
 102  102    0.000
 102  200    1.103
 103  103    0.000
 104  104    0.000
 105  105    0.000
 106  106    0.000
 107  107    0.000
 108  108    0.000
 109    1    0.498
 109  109    0.000
 110    2    0.622
 110   15    2.190
 110   33    1.277
 110   40    2.515
 110   53    1.874
 110   64    2.921
 110   73    1.220
 110  110    0.000
 110  151    1.987
 110  183    0.899
 110  190    2.928
 111    3    1.544
 111   34    1.665
 111   74    2.374
 111  111    0.000
 111  152    2.773
 111  184    1.285
 112    4    2.015
 112   35    1.939
 112   75    2.913
 112  112    0.000
 112  185    1.623
 113   49    2.660
 113   69    1.724
 113  113    0.000
 113  195    1.290
 114   70    1.331
 114   90    2.183
 114  114    0.000
 114  167    2.003
 114  180    2.595
 114  196    0.550
 115   71    1.369
 115   91    1.839
 115  115    0.000
 115  168    1.652
 115  181    1.902
 115  197    0.594
 116   72    1.754
 116   92    2.698
 116  116    0.000
 116  169    2.421
 116  182    2.264
 116  198    0.817
 117   73    1.973
 117   80    1.959
 117  101    1.518
 117  117    0.000
 117  125    2.515
 117  138    1.935
 117  183    2.413
 117  199    1.013
 118   81    1.042
 118  118    0.000
 118  126    1.795
 118  139    1.452
 118  200    2.456
 119   82    0.849
 119  119    0.000
 119  127    1.603
 119  140    1.309
 120   83    1.102
 120  120    0.000
 120  128    2.141
 120  141    1.715
 121   84    2.594
 121  121    0.000
 122  122    0.000
 123  123    0.000
 124  124    0.000
 125   73    2.934
 125   80    0.586
 125  117    2.515
 125  125    0.000
 125  138    0.581
 125  199    2.849
 126   81    0.770
 126  118    1.795
 126  126    0.000
 126  139    0.345
 127   82    0.754
 127  119    1.603
 127  127    0.000
 127  140    0.295
 128   83    1.040
 128  120    2.141
 128  128    0.000
 128  141    0.427
 129   84    2.596
 129  129    0.000
 129  142    1.099
 129  174    2.812
 130  130    0.000
 130  143    2.372
 131  131    0.000
 131  144    2.395
 132  132    0.000
 132  145    2.187
 133   10    2.014
 133   95    2.300
 133  133    0.000
 133  146    0.644
 133  172    2.923
 133  178    2.553
 134   11    2.012
 134   96    2.848
 134  134    0.000
 134  147    1.092
 135   77    1.155
 135  135    0.000
 136   78    0.207
 136  136    0.000
 137   79    0.224
 137  137    0.000
 138   73    2.506
 138   80    0.195
 138  117    1.935
 138  125    0.581
 138  138    0.000
 138  183    2.797
 138  199    2.328
 139   81    0.443
 139  118    1.452
 139  126    0.345
 139  139    0.000
 140   82    0.460
 140  119    1.309
 140  127    0.295
 140  140    0.000
 141   83    0.613
 141  120    1.715
 141  128    0.427
 141  141    0.000
 142   84    1.497
 142  129    1.099
 142  142    0.000
 143  130    2.372
 143  143    0.000
 144  131    2.395
 144  144    0.000
 145  132    2.187
 145  145    0.000
 146   10    2.071
 146   88    2.578
 146   95    2.886
 146  133    0.644
 146  146    0.000
 146  178    2.080
 147   11    1.225
 147  134    1.092
 147  147    0.000
 148   12    0.732
 148   37    2.042
 148  148    0.000
 149   13    0.785
 149   38    1.569
 149  149    0.000
 150   14    0.818
 150   39    1.589
 150  150    0.000
 151    2    1.797
 151   15    0.586
 151   40    1.161
 151   53    1.263
 151   64    1.951
 151   73    2.243
 151  110    1.987
 151  151    0.000
 151  183    1.859
 151  190    1.848
 152    3    1.281
 152   16    1.350
 152   41    2.679
 152   54    1.714
 152  111    2.773
 152  152    0.000
 153    4    1.479
 153   17    1.949
 153   55    2.543
 153  153    0.000
 154  154    0.000
 155  155    0.000
 155  159    2.240
 155  163    2.389
 156  156    0.000
 156  160    0.577
 156  164    2.738
 157  157    0.000
 157  161    0.434
 158  158    0.000
 158  162    0.918
 159  155    2.240
 159  159    0.000
 159  163    1.796
 160  156    0.577
 160  160    0.000
 161  157    0.434
 161  161    0.000
 162  158    0.918
 162  162    0.000
 163  155    2.389
 163  159    1.796
 163  163    0.000
 164  156    2.738
 164  164    0.000
 165   88    2.309
 165  165    0.000
 166   89    1.140
 166  166    0.000
 166  179    1.782
 167   70    2.954
 167   90    0.185
 167  114    2.003
 167  167    0.000
 167  196    1.598
 168   91    0.187
 168  115    1.652
 168  168    0.000
 168  197    1.063
 169   92    0.277
 169  116    2.421
 169  169    0.000
 169  198    1.606
 170   93    0.386
 170  101    1.927
 170  170    0.000
 170  199    2.176
 171   94    0.903
 171  171    0.000
 172   95    0.924
 172  133    2.923
 172  172    0.000
 173   96    1.526
 173  173    0.000
 174  129    2.812
 174  174    0.000
 175  175    0.000
 176  176    0.000
 177  177    0.000
 178   10    1.942
 178   88    1.442
 178  133    2.553
 178  146    2.080
 178  178    0.000
 179   89    1.359
 179  166    1.782
 179  179    0.000
 180   50    2.460
 180   70    1.626
 180  114    2.595
 180  180    0.000
 180  196    2.967
 181   51    2.210
 181   71    0.554
 181  115    1.902
 181  181    0.000
 181  197    2.490
 182   52    2.609
 182   72    0.520
 182  116    2.264
 182  182    0.000
 183    2    1.394
 183   15    2.275
 183   33    1.843
 183   40    2.748
 183   53    2.298
 183   73    0.441
 183   80    2.971
 183  110    0.899
 183  117    2.413
 183  138    2.797
 183  151    1.859
 183  183    0.000
 184    3    2.823
 184   34    0.577
 184   74    1.094
 184  111    1.285
 184  184    0.000
 185   35    0.320
 185   75    1.291
 185  112    1.623
 185  185    0.000
 186   36    0.672
 186   49    1.672
 186   60    1.486
 186   69    2.499
 186   76    2.482
 186  186    0.000
 187   12    2.950
 187   37    1.717
 187   61    1.149
 187  187    0.000
 188   13    2.537
 188   38    1.756
 188   62    1.160
 188  188    0.000
 189   14    2.440
 189   39    1.689
 189   63    1.093
 189  189    0.000
 190    2    2.379
 190   15    1.262
 190   40    0.692
 190   53    1.055
 190   64    0.162
 190  110    2.928
 190  151    1.848
 190  190    0.000
 191   16    2.815
 191   41    1.487
 191   54    2.475
 191   65    0.110
 191  191    0.000
 192   42    2.393
 192   46    2.660
 192   57    2.705
 192   66    0.185
 192  192    0.000
 193   47    0.932
 193   58    1.475
 193   67    0.389
 193  193    0.000
 194   48    1.061
 194   59    1.750
 194   68    0.452
 194  194    0.000
 195   49    1.975
 195   69    0.819
 195  113    1.290
 195  195    0.000
 196   70    1.858
 196   90    1.766
 196  114    0.550
 196  167    1.598
 196  180    2.967
 196  196    0.000
 197   71    1.962
 197   91    1.249
 197  115    0.594
 197  168    1.063
 197  181    2.490
 197  197    0.000
 198   72    2.569
 198   92    1.883
 198  116    0.817
 198  169    1.606
 198  198    0.000
 199   73    2.985
 199   80    2.265
 199   93    2.563
 199  101    0.733
 199  117    1.013
 199  125    2.849
 199  138    2.328
 199  170    2.176
 199  199    0.000
 200  102    1.103
 200  118    2.456
 200  200    0.000
